Config: 10 and False and 1000000
Result: (-0.32946362262328516, -1.7456005607075264, 0.8333333333333334)
0.006453734967443678