Config: 1 and False and 1000000
Result: (0.01259856640571081, 2.0, 0.0)
0.002278121511141459